1964
11
2164
1811
62
2121
74
1833
2386
14009
12064
2214
12077
2076
2249
2363
1835
12019
2046
2229
2217
1875
239
2130
2113
1829
1961
2204
2248
13001
1930
1993
2003
205
2001
2251
2026
2122
2056
223
2117
2119
2092
1854
235
1841
162
2023
2303
2311
2103
1965
2100
2222
2258
2136
2269
2160
1970
2126
1880
109
2016
2112
2212
14021
2042
12029
12000
231
2037
1910
12066
164
12054
2192
2094
1958
247
12070
14019
242
2360
1900
232
67
2009
1896
2055
2125
12091
2260
219
88
175
100
2207
28
2138
93
1806
1973
1941
14026
2257
18
12060
14006
12076
2174
250
2200
2367
2051
2173
1913
2381
14040
14036
14001
23
14008
2077
12008
2050
1862
13004
2090
1872
2145
1856
2088
2327
1921
2017
2271
2283
2300
152
2347
2007
2120
204
12067
14022
2104
2228
1840
183
2226
1809
2227
2127
2349
12023
2190
2238
2043
2118
1843
218
1846
12017
1927
101
2184
12082
2165
2163
2049
151
71
12013
87
12016
1853
13003
2030
2109
14011
2116
12025
15
2325
17
119
2263
12034
1876
1832
1884
216
2336
2188
12061
2332
14017
123
14025
2208
137
2005
2345
2205
1892
2243
12038
1942
12032
1848
12035
52
2124
1882
1939
2064
1803
1948
2194
2268
2221
1931
1932
12094
2031
2128
2274
170
65
12074
1868
2265
1975
12048
12072
2372
53
229
2355
14030
203
14010
2371
2294
2241
2244
14012
2342
68
2153
2369
1959
2025
1810
2206
2134
12053
2382
179
2057
1883
2202
1860
252
2351
2135
1984
1894
1972
2365
2333
2144
16
117
12
49
2069
1995
84
2308
1820
233
2156
2309
12024
1998
14014
2218
1960
14027
2175
1873
2172
1918
126
2216
12047
2084
2018
138
95
12020
1855
1834
2231
2262
2186
2045
1823
2377
225
2159
1814
2034
12010
2029
2107
2183
1904
2070
2324
12002
211
12005
63
39
1831
174
12062
2366
2287
2378
159
81
2379
1955
14013
1989
14031
1824
2032
2154
59
2132
2203
1979
157
167
1985
2006
1830
2052
2081
1917
2357
2338
1800
2281
2047
2071
12021
2074
1821
1915
2286
1999
104
1850
2201
2383
2177
2148
173
2179
1865
1924
12086
2061
1828
12083
1991
1805
12045
2101
2106
2178
14039
241
2013
12041
2353
12049
210
1919
1934
113
61
1859
8
12028
2259
12055
246
1881
12093
1954
1905
150
31
2139
184
2313
1813
2270
1962
2187
2147
161
12030
1968
1909
180
1933
14004
2233
240
1852
14000
13000
1893
13
2326
1996
12022
2316
12092
2302
1946
2143
2180
1947
2028
1861
141
214
14038
1937
2038
73
2356
14005
1957
2110
114
14003
2272
2380
1895
2289
2111
2089
12043
2288
19
1890
2137
2245
2170
2072
47
1928
177
14002
2014
1945
4
1899
254
1906
2155
1816
2044
2359
2011
1929
1911
2343
2169
1871
2298
1936
12069
12026
209
2000
45
2315
14035
149
2141
12046
1837
2129
2033
2250
2239
12075
1912
5
1851
46
1971
212
1949
2133
2146
12044
2059
2329
14037
2035
2065
12040
2004
2020
12009
121
2301
1903
12085
2278
2096
2320
122
2304
40
1808
12012
2237
2323
1953
2073
238
2040
38
1819
145
2370
168
2182
2348
77
48
12078
1857
2242
2352
213
176
2373
2232
1940
2176
217
2291
166
2273
2346
244
2209
221
14015
2131
66
14028
1980
2091
7
2374
1969
2058
2322
1966
1877
12014
2102
171
1842
2082
2219
2331
12084
1838
2095
2079
1923
42
1812
2123
1926
12007
207
1922
2010
1982
30
1897
2318
1849
2015
2328
2215
2211
2199
1886
2024
10
14
116
2293
2027
234
2093
1914
124
1887
1988
1990
146
1878
2264
2158
2312
2339
12027
2210
2307
224
96
1992
2168
243
2350
2197
91
2191
2166
1845
1826
2275
2282
2246
1817
2344
2297
13002
12080
2097
1815
2223
2149
12004
12063
2185
12068
1920
12089
1825
2385
227
12051
12059
2267
2162
1891
2261
1863
2157
12052
2115
2319
1847
1844
1902
1879
14007
60
226
2151
12057
2075
2284
208
154
1901
2039
2253
1885
2019
1818
1858
2290
12003
9
1974
1827
2236
220
2234
12090
1956
1986
1938
2086
1867
160
1994
140
2150
2060
2334
2330
12001
2195
2198
156
153
2105
2299
12056
2230
12079
12018
21
72
14018
2196
12033
2285
1839
169
12088
2340
1801
2053
1869
2376
12036
14029
2252
2054
2364
230
1907
1967
178
2078
118
2314
2310
14033
94
2012
1963
181
1981
57
2317
2384
172
1866
120
2189
14034
12087
2193
2295
1983
2099
2296
182
12037
139
2224
2220
14032
41
2256
90
2305
2225
2063
2083
1804
12071
2080
2277
56
2341
2266
12006
14024
2036
2387
1888
155
1864
2161
32
12011
58
1977
1935
2354
2276
165
163
1870
1898
2321
12081
1943
2167
2247
14016
50
1874
1836
2181
2335
158
112
2108
2098
27
2235
1802
206
1889
14023
2048
2255
1916
1997
2002
1978
12065
2140
222
2337
12031
2041
2021
142
2368
1807
1908
125
12042
2068
1976
51
2022
2240
12058
1951
1950
2171
2062
2375
12039
2306
1987
2085
2142
2066
12050
2152
14020
2361
2254
2114
2279
2280
12073
2087
236
1822
2358
1925
237
2067
2362
2008
2292
1944
2213
12015
22
1952
