1170
1640
770
469
660
1686
546
1405
749
264
342
802
11
62
604
562
555
1723
1269
74
779
1124
787
525
308
715
653
792
696
486
239
579
775
624
1169
537
1333
795
1318
1302
366
435
1295
205
1494
1267
313
1412
1452
1199
1277
1176
1363
1610
432
223
297
479
1254
395
235
1665
1385
437
162
1767
617
1608
1717
1704
810
734
352
1755
1602
425
1378
1117
373
1688
1127
359
294
566
109
645
1433
648
1680
1654
1321
805
561
303
1638
731
231
1458
370
708
164
247
1765
1449
1484
1490
654
242
232
67
1652
1273
1743
753
697
403
219
88
175
1481
605
586
100
1646
1746
1689
28
1709
93
580
1197
1469
1102
431
565
18
549
1634
538
567
1118
1716
1234
548
250
1305
1291
1110
592
397
1474
631
582
23
1624
776
382
304
736
1101
1488
376
387
1250
312
1748
668
752
575
1711
557
328
689
743
1705
1697
796
700
1103
152
1354
1298
596
534
439
794
399
633
204
1633
542
777
1182
183
298
1450
673
412
595
1203
685
1699
358
1718
760
269
293
218
553
101
761
1190
746
151
71
1753
788
1369
1408
87
559
1177
1146
368
471
1760
706
255
632
15
481
17
119
1320
315
1492
284
1678
650
750
1739
1498
1142
1266
1214
793
216
1497
687
1622
461
388
123
597
1198
137
1706
1664
436
316
285
52
1229
275
699
332
1447
1617
317
742
467
468
782
1733
1606
1150
1712
759
1429
170
1274
1459
1309
531
1329
65
1500
713
1693
1489
1247
665
606
292
1616
53
1180
410
229
789
587
1313
339
203
745
1681
327
392
1259
1657
302
1109
68
421
1628
1113
1162
1741
684
322
1647
390
1373
1493
307
1319
179
453
1237
1191
1172
675
252
704
1380
640
470
1422
1284
1645
288
1661
682
1672
16
117
12
49
279
584
641
84
361
1344
1358
282
233
1339
1401
428
1151
576
324
1217
638
1289
1230
1271
126
1181
629
1366
138
95
1673
568
1612
1248
603
487
1641
420
225
1387
671
462
1382
644
710
720
355
558
1359
637
1389
211
769
1420
63
320
39
174
737
1265
1737
301
1224
719
1125
1155
1106
159
767
81
1655
1625
336
1290
1303
1317
583
1742
1721
59
157
167
1724
1278
1455
1240
310
1735
669
738
407
478
1272
1635
658
1751
1372
296
1666
401
414
1729
1615
417
1367
791
1200
1384
1478
1187
1213
374
741
1761
278
104
1193
1754
621
717
173
1470
1222
1171
365
1692
747
642
740
411
1206
1611
1243
594
1365
581
1337
378
1183
241
449
1674
781
627
1660
1204
1276
1304
619
521
573
1300
1292
210
1188
113
61
448
8
623
530
552
1437
528
246
539
1410
1179
1244
607
1462
150
31
768
1763
276
477
184
350
1631
161
1263
1242
485
601
1731
1722
1395
180
1637
1220
338
1164
240
1653
615
351
536
13
1486
1677
1166
1347
727
655
809
356
1196
1104
141
744
214
1153
711
643
1738
1293
73
1684
733
1202
1136
626
639
1713
1687
114
1316
1626
375
1388
326
482
694
19
574
1629
1399
1231
1465
1184
1725
1348
1364
797
1112
47
409
177
318
556
4
1663
254
1396
1116
664
321
635
647
367
455
1144
1281
1212
1669
1651
1714
1215
1160
309
1649
1108
1636
1703
209
578
271
45
783
149
535
1444
690
532
344
773
446
1740
702
5
1744
465
541
46
1621
212
714
386
1707
1154
705
1260
772
551
716
398
1159
1238
808
330
345
1749
383
1334
1306
657
379
1398
1702
1690
563
1258
121
625
1694
1667
806
406
677
451
418
122
1175
40
1138
1736
1750
238
1251
765
757
1446
38
422
1700
1121
145
722
168
1209
300
1764
496
277
1132
691
1425
77
48
385
1173
663
612
213
176
766
1411
693
1726
1496
1338
217
1623
1698
166
244
1228
221
801
66
363
1436
1426
564
7
1205
483
337
591
1296
1418
1670
1165
728
171
602
329
1656
1135
1696
1757
666
1603
360
1139
1232
1605
380
1442
725
42
1727
1192
1219
371
299
1189
1734
207
347
286
1679
611
533
438
30
1613
333
543
396
1644
1268
354
718
10
1662
14
116
234
1143
785
124
703
287
1239
146
1676
1149
672
774
1715
630
1322
1360
224
340
1353
96
651
458
599
1668
1287
756
400
243
1485
1315
1270
1428
91
585
1261
661
353
729
1129
416
1186
560
1691
259
413
1301
762
1323
476
1307
550
1308
1443
1480
540
227
1682
695
427
1253
1241
1194
306
1390
305
1245
325
1609
1619
1178
636
571
1472
1671
1325
346
735
60
226
1279
786
1417
1643
588
1324
1732
1225
598
1685
208
154
589
1252
1604
472
721
9
1752
754
1730
220
314
1223
283
692
701
357
622
1415
1340
381
1658
1145
608
160
140
1131
362
1356
464
1311
547
739
290
156
153
1491
1454
751
424
676
21
1457
72
1255
526
593
600
524
1133
1111
169
456
618
1477
466
460
1262
790
1409
569
1119
1351
230
1632
1440
178
800
1123
1639
118
646
1294
94
475
291
1332
281
266
181
577
1650
1140
405
57
529
572
445
172
1137
120
463
1341
182
1126
1406
1642
139
1614
459
41
90
474
343
1375
807
1147
1675
707
1719
1710
1297
311
1473
341
1468
544
1391
522
1236
56
527
1280
1216
545
426
1158
155
1728
32
58
1479
429
1441
389
620
1383
726
165
480
163
709
724
364
50
1762
1487
391
158
112
1114
1207
27
1370
1745
372
1627
1210
1766
206
1264
473
1483
1167
319
614
1163
1759
1695
1161
222
798
408
1708
1456
331
1701
570
1310
1257
142
323
523
649
1404
1299
125
1130
771
51
440
1607
679
1326
1630
613
554
1659
755
1618
1601
280
1105
590
1282
1249
377
1683
1758
681
758
656
1467
688
683
423
1421
258
1286
1218
236
1100
652
616
268
1747
1620
237
698
1394
1648
1352
295
404
1156
384
22
1336
